$ 0 0.000005 5.459815003314424 57 5 50 5e-11
g 96 256 96 304 0 0
w 192 208 192 256 0
w 336 192 336 256 0
r 192 256 336 256 0 47000
r 96 256 192 256 0 330
w 96 112 192 112 0
w 192 112 192 176 0
O 416 192 480 192 0 0
g 256 224 304 224 0 0
g -144 112 -176 112 0 0
v -144 112 -96 112 0 1 1000 0.08 0 0 0.159154943092
c -96 112 -32 112 4 1.0000000000000001e-7 -0.022915110621076054 0.001 0
R -32 0 -32 -48 0 0 40 3.3 0 0 0.5
g -32 208 -32 240 0 0
w -32 112 48 112 0
r -32 112 -32 208 0 150
r -32 0 -32 112 0 47000
w 48 112 96 112 0
409 192 192 336 192 3 0.6 0 0.023100000000000002 2
R 256 160 320 160 0 0 40 5 0 0 0.5
c 416 192 416 112 4 4.700000000000001e-9 2.42254387359977 0.001 0
r 336 192 416 192 0 4700
g 416 112 416 80 0 0
o 7 16 0 4354 3.4758579714704614 0.0001 0 1
